wavelength = {
  395.860000,  404.450000,  413.040000,  421.630000,  430.230000,  438.580000,
  447.100000,  455.790000,  464.370000,  473.210000,  481.830000,  490.450000,
  499.070000,  507.690000,  516.310000,  524.930000,  533.550000,  542.020000,
  550.580000,  559.230000,  567.890000,  576.480000,  585.070000,  593.660000,
  602.250000,  610.840000,  619.430000,  628.020000,  636.610000,  645.210000,
  653.790000,  662.290000,  670.790000,  679.390000,  687.990000,  696.590000,
  705.190000,  713.790000,  722.400000,  731.000000,  739.580000,  748.160000,
  756.740000,  765.440000,  774.000000,  782.560000,  791.120000,  799.680000,
  808.250000,  816.810000,  825.370000,  833.870000,  842.480000,  851.080000,
  859.680000,  868.280000,  876.880000,  885.480000,  894.080000,  902.690000,
  911.290000,  919.890000,  928.490000,  937.090000,  945.710000,  954.240000,
  962.770000,  971.310000,  979.840000,  988.370000,  996.900000, 1005.840000,
 1014.430000, 1023.020000, 1031.610000, 1040.200000, 1005.600000, 1022.210000,
 1039.190000, 1055.870000, 1072.550000, 1089.230000, 1105.910000, 1122.590000,
 1139.440000, 1156.410000, 1173.290000, 1190.170000, 1207.040000, 1223.920000,
 1240.800000, 1257.400000, 1274.150000, 1290.900000, 1307.650000, 1324.400000,
 1341.160000, 1357.910000, 1374.870000, 1391.650000, 1408.490000, 1425.330000,
 1442.170000, 1459.010000, 1475.850000, 1492.700000, 1509.540000, 1526.380000,
 1543.220000, 1560.060000, 1576.900000, 1593.710000, 1610.390000, 1627.130000,
 1644.010000, 1660.890000, 1677.770000, 1694.650000, 1711.530000, 1728.410000,
 1745.280000, 1762.160000, 1778.850000, 1795.430000, 1812.020000, 1828.820000,
 1845.620000, 1862.420000, 1880.130000, 1896.110000, 1912.970000, 1929.930000,
 1946.820000, 1963.720000, 1980.610000, 1997.510000, 2014.400000, 2031.300000,
 2048.130000, 2064.900000, 2081.610000, 2098.450000, 2115.290000, 2132.130000,
 2148.970000, 2165.810000, 2182.640000, 2199.480000, 2216.320000, 2233.160000,
 2250.000000, 2266.840000, 2283.670000, 2300.510000, 2317.350000, 2334.190000,
 2350.400000, 2366.680000, 2384.120000, 2400.810000, 2417.500000, 2434.190000,
 2450.880000, 2467.570000, 2484.320000, 2501.080000}
fwhm = {
  8.760000,  8.760000,  8.760000,  8.760000,  8.760000,  8.760000,  8.760000,
  8.760000,  8.760000,  8.760000,  8.760000,  8.760000,  8.760000,  8.760000,
  8.760000,  8.760000,  8.760000,  8.760000,  8.760000,  8.760000,  8.760000,
  8.760000,  8.760000,  8.760000,  8.760000,  8.760000,  8.760000,  8.760000,
  8.760000,  8.760000,  8.760000,  8.760000,  8.760000,  8.760000,  8.760000,
  8.760000,  8.760000,  8.760000,  8.760000,  8.760000,  8.760000,  8.760000,
  8.760000,  8.760000,  8.760000,  8.760000,  8.760000,  8.760000,  8.760000,
  8.760000,  8.760000,  8.760000,  8.760000,  8.760000,  8.760000,  8.760000,
  8.760000,  8.760000,  8.760000,  8.760000,  8.760000,  8.760000,  8.760000,
  8.760000,  8.760000,  8.760000,  8.760000,  8.760000,  8.760000,  8.760000,
  8.760000,  8.760000,  8.760000,  8.760000,  8.760000,  8.760000, 16.260000,
 16.260000, 16.260000, 16.260000, 16.260000, 16.260000, 16.260000, 16.260000,
 16.260000, 16.260000, 16.260000, 16.260000, 16.260000, 16.260000, 16.260000,
 16.260000, 16.260000, 16.260000, 16.260000, 16.260000, 16.260000, 16.260000,
 16.260000, 16.260000, 16.260000, 16.260000, 16.260000, 16.260000, 16.260000,
 16.260000, 16.260000, 16.260000, 16.260000, 16.260000, 16.260000, 16.260000,
 16.260000, 16.260000, 16.260000, 16.260000, 16.260000, 16.260000, 16.260000,
 16.260000, 16.260000, 16.260000, 16.260000, 16.260000, 16.260000, 16.260000,
 16.260000, 16.260000, 16.260000, 16.260000, 16.260000, 16.260000, 16.260000,
 16.260000, 16.260000, 16.260000, 16.260000, 16.260000, 16.260000, 16.260000,
 16.260000, 16.260000, 16.260000, 16.260000, 16.260000, 16.260000, 16.260000,
 16.260000, 16.260000, 16.260000, 16.260000, 16.260000, 16.260000, 16.260000,
 16.260000, 16.260000, 16.260000, 16.260000, 16.260000, 16.260000, 16.260000,
 16.260000, 16.260000, 16.260000, 16.260000, 16.260000}