wavelength = {
  386.860000,  395.440000,  404.030000,  412.610000,  421.200000,  429.790000,
  438.370000,  446.960000,  455.540000,  464.130000,  472.710000,  481.300000,
  489.890000,  498.470000,  507.050000,  515.640000,  524.230000,  532.810000,
  541.400000,  549.980000,  558.570000,  567.160000,  575.740000,  584.320000,
  592.910000,  601.500000,  610.080000,  618.670000,  627.250000,  635.840000,
  644.420000,  653.010000,  661.590000,  670.180000,  678.770000,  687.350000,
  695.940000,  704.520000,  713.110000,  721.690000,  730.280000,  738.860000,
  747.450000,  756.040000,  764.620000,  773.200000,  781.790000,  790.380000,
  798.960000,  807.550000,  816.130000,  824.720000,  833.310000,  841.890000,
  850.470000,  859.060000,  867.650000,  876.230000,  884.820000,  893.410000,
  901.990000,  910.570000,  919.160000,  927.750000,  936.330000,  944.920000,
  953.500000,  962.090000,  970.670000,  979.260000,  987.840000,  996.430000,
 1005.010000, 1013.600000, 1022.190000, 1030.770000, 1009.700000, 1026.550000,
 1043.400000, 1060.240000, 1077.090000, 1093.940000, 1110.780000, 1127.630000,
 1144.480000, 1161.320000, 1178.170000, 1195.020000, 1211.860000, 1228.710000,
 1245.560000, 1262.400000, 1279.250000, 1296.090000, 1312.940000, 1329.790000,
 1346.630000, 1363.480000, 1380.330000, 1397.170000, 1414.020000, 1430.870000,
 1447.710000, 1464.560000, 1481.410000, 1498.250000, 1515.100000, 1531.940000,
 1548.790000, 1565.640000, 1582.490000, 1599.330000, 1616.180000, 1633.030000,
 1649.870000, 1666.720000, 1683.560000, 1700.410000, 1717.260000, 1734.100000,
 1750.950000, 1767.800000, 1784.640000, 1801.490000, 1818.340000, 1835.180000,
 1852.030000, 1868.880000, 1885.720000, 1902.570000, 1919.410000, 1936.260000,
 1953.110000, 1969.960000, 1986.800000, 2003.650000, 2020.490000, 2037.340000,
 2054.190000, 2071.030000, 2087.880000, 2104.730000, 2121.570000, 2138.420000,
 2155.270000, 2172.110000, 2188.960000, 2205.810000, 2222.650000, 2239.500000,
 2256.350000, 2273.190000, 2290.040000, 2306.890000, 2323.730000, 2340.580000,
 2357.430000, 2374.270000, 2391.120000, 2407.960000, 2424.810000, 2441.660000,
 2458.500000, 2475.350000, 2492.200000, 2509.040000}
fwhm = {
  8.590000,  8.590000,  8.580000,  8.580000,  8.590000,  8.590000,  8.580000,
  8.590000,  8.590000,  8.590000,  8.580000,  8.590000,  8.580000,  8.580000,
  8.590000,  8.590000,  8.590000,  8.580000,  8.590000,  8.580000,  8.590000,
  8.580000,  8.590000,  8.590000,  8.590000,  8.580000,  8.590000,  8.580000,
  8.590000,  8.580000,  8.590000,  8.580000,  8.590000,  8.590000,  8.590000,
  8.580000,  8.590000,  8.590000,  8.590000,  8.590000,  8.580000,  8.590000,
  8.590000,  8.580000,  8.580000,  8.590000,  8.590000,  8.590000,  8.590000,
  8.580000,  8.590000,  8.590000,  8.580000,  8.590000,  8.590000,  8.590000,
  8.580000,  8.590000,  8.590000,  8.580000,  8.580000,  8.590000,  8.590000,
  8.590000,  8.580000,  8.590000,  8.590000,  8.580000,  8.580000,  8.590000,
  8.590000,  8.580000,  8.590000,  8.590000,  8.590000,  8.590000, 16.850000,
 16.850000, 16.850000, 16.850000, 16.840000, 16.840000, 16.850000, 16.850000,
 16.840000, 16.850000, 16.840000, 16.850000, 16.840000, 16.850000, 16.850000,
 16.850000, 16.840000, 16.850000, 16.840000, 16.850000, 16.850000, 16.850000,
 16.840000, 16.850000, 16.850000, 16.840000, 16.850000, 16.850000, 16.850000,
 16.850000, 16.840000, 16.850000, 16.850000, 16.850000, 16.840000, 16.850000,
 16.850000, 16.850000, 16.850000, 16.840000, 16.850000, 16.840000, 16.850000,
 16.850000, 16.840000, 16.840000, 16.850000, 16.840000, 16.850000, 16.850000,
 16.850000, 16.840000, 16.850000, 16.840000, 16.850000, 16.850000, 16.840000,
 16.840000, 16.850000, 16.850000, 16.850000, 16.850000, 16.850000, 16.840000,
 16.850000, 16.850000, 16.850000, 16.840000, 16.850000, 16.850000, 16.850000,
 16.840000, 16.850000, 16.850000, 16.840000, 16.850000, 16.850000, 16.840000,
 16.850000, 16.850000, 16.850000, 16.850000, 16.840000, 16.850000, 16.850000,
 16.840000, 16.850000, 16.840000, 16.850000, 16.850000}
